1,1665591691,34.1791666,71.8566177,0,AUTO
2,1665591691,34.1791666,71.8566187,1,AUTO
3,1665591692,34.179167,71.8566186,1,AUTO
4,1665591692,34.1791671,71.8566186,1,AUTO
5,1665591693,34.1791671,71.8566186,0,AUTO
6,1665591693,34.1791673,71.8566179,1,AUTO
7,1665591694,34.1791675,71.8566176,1,AUTO
8,1665591694,34.1791676,71.8566172,1,AUTO
9,1665591695,34.1791671,71.8566173,1,AUTO
10,1665591695,34.1791666,71.8566177,1,AUTO
11,1665591696,34.1791658,71.8566185,1,AUTO
12,1665591696,34.1791656,71.856619,1,AUTO
13,1665591697,34.1791658,71.8566189,0,AUTO
14,1665591697,34.1791663,71.856618,0,AUTO
15,1665591698,34.1791667,71.8566173,0,AUTO
16,1665591698,34.1791665,71.8566171,0,AUTO
17,1665591698,34.1791665,71.8566169,0,AUTO
18,1665591699,34.1791664,71.856617,0,AUTO
19,1665591699,34.1791662,71.8566172,0,AUTO
20,1665591700,34.1791662,71.8566174,0,AUTO
21,1665591700,34.1791664,71.8566173,0,AUTO
22,1665591701,34.1791666,71.8566174,0,AUTO
23,1665591701,34.1791664,71.8566178,0,AUTO
24,1665591702,34.1791665,71.8566177,0,AUTO
25,1665591702,34.1791666,71.8566177,0,AUTO
26,1665591703,34.1791671,71.85662,1,AUTO
27,1665591703,34.1791674,71.8566225,0,AUTO
28,1665591704,34.1791686,71.8566303,17,AUTO
29,1665591704,34.1791693,71.8566415,54,AUTO
30,1665591705,34.1791702,71.8566544,79,AUTO
31,1665591705,34.1791712,71.8566615,80,AUTO
32,1665591706,34.1791738,71.8566773,77,AUTO
33,1665591706,34.1791764,71.8566932,77,AUTO
34,1665591707,34.1791793,71.8567102,78,AUTO
35,1665591707,34.1791809,71.8567197,78,AUTO
36,1665591708,34.1791839,71.8567375,78,AUTO
37,1665591708,34.1791869,71.8567553,79,AUTO
38,1665591708,34.1791899,71.8567731,79,AUTO
39,1665591709,34.1791928,71.8567909,80,AUTO
40,1665591709,34.1791941,71.8567998,80,AUTO
41,1665591710,34.1791968,71.8568182,80,AUTO
42,1665591710,34.1791996,71.8568357,80,AUTO
43,1665591711,34.1792026,71.8568532,80,AUTO
44,1665591711,34.179204,71.8568619,81,AUTO
45,1665591712,34.1792067,71.8568792,81,AUTO
46,1665591713,34.1792123,71.8569124,81,AUTO
47,1665591713,34.1792147,71.8569299,82,AUTO
48,1665591714,34.1792159,71.8569389,81,AUTO
49,1665591714,34.179218,71.8569556,81,AUTO
50,1665591715,34.1792199,71.856971,81,AUTO
51,1665591715,34.1792216,71.8569873,81,AUTO
52,1665591716,34.1792233,71.8570037,79,AUTO
53,1665591716,34.1792254,71.8570195,78,AUTO
54,1665591716,34.1792276,71.857036,78,AUTO
55,1665591717,34.1792299,71.8570532,79,AUTO
56,1665591717,34.1792319,71.8570689,79,AUTO
57,1665591718,34.179234,71.8570851,78,AUTO
58,1665591718,34.1792366,71.8571031,78,AUTO
59,1665591719,34.1792378,71.8571117,77,AUTO
60,1665591719,34.1792405,71.8571288,78,AUTO
61,1665591720,34.1792428,71.8571441,78,AUTO
62,1665591720,34.1792451,71.8571603,78,AUTO
63,1665591721,34.1792474,71.857177,77,AUTO
64,1665591721,34.1792499,71.8571933,77,AUTO
65,1665591722,34.1792525,71.8572106,77,AUTO
66,1665591723,34.1792557,71.8572356,77,AUTO
67,1665591723,34.1792576,71.8572514,76,AUTO
68,1665591724,34.1792597,71.8572685,76,AUTO
69,1665591724,34.1792609,71.857277,76,AUTO
70,1665591725,34.1792632,71.857294,76,AUTO
71,1665591725,34.1792654,71.8573103,76,AUTO
72,1665591725,34.1792678,71.857327,75,AUTO
73,1665591726,34.1792703,71.8573433,75,AUTO
74,1665591726,34.1792729,71.8573605,76,AUTO
75,1665591727,34.1792742,71.857369,76,AUTO
76,1665591727,34.1792768,71.8573868,76,AUTO
77,1665591728,34.1792806,71.8574125,76,AUTO
78,1665591728,34.1792819,71.857421,76,AUTO
79,1665591729,34.1792845,71.8574381,76,AUTO
80,1665591729,34.1792871,71.857455,76,AUTO
81,1665591730,34.1792897,71.8574725,76,AUTO
82,1665591730,34.1792918,71.8574888,76,AUTO
83,1665591731,34.1792929,71.8574973,75,AUTO
84,1665591731,34.1792951,71.8575137,75,AUTO
85,1665591732,34.1792975,71.8575308,75,AUTO
86,1665591732,34.1792997,71.8575485,75,AUTO
87,1665591733,34.1793021,71.8575656,74,AUTO
88,1665591733,34.1793051,71.8575816,64,AUTO
89,1665591734,34.1793075,71.8575878,43,AUTO
90,1665591734,34.1793141,71.857597,21,AUTO
91,1665591735,34.1793241,71.8576024,13,AUTO
92,1665591735,34.1793375,71.8576059,6,AUTO
93,1665591735,34.1793523,71.8576079,3,AUTO
94,1665591736,34.1793603,71.8576084,2,AUTO
95,1665591736,34.1793774,71.8576091,2,AUTO
96,1665591737,34.1793946,71.8576096,1,AUTO
97,1665591737,34.1794125,71.8576099,1,AUTO
98,1665591738,34.179431,71.8576104,1,AUTO
99,1665591738,34.1794406,71.8576108,0,AUTO
100,1665591739,34.1794594,71.8576117,0,AUTO
101,1665591739,34.1794787,71.8576126,0,AUTO
102,1665591740,34.1794999,71.8576138,0,AUTO
103,1665591740,34.1795207,71.8576145,359,AUTO
104,1665591741,34.1795418,71.8576151,359,AUTO
105,1665591741,34.1795632,71.857616,358,AUTO
106,1665591742,34.179574,71.8576166,358,AUTO
107,1665591742,34.1795958,71.8576175,358,AUTO
108,1665591743,34.1796189,71.8576183,357,AUTO
109,1665591743,34.1796416,71.8576188,357,AUTO
110,1665591744,34.1796643,71.8576195,356,AUTO
111,1665591744,34.1796869,71.8576203,356,AUTO
112,1665591745,34.1796983,71.8576207,356,AUTO
113,1665591745,34.1797213,71.8576216,356,AUTO
114,1665591746,34.1797452,71.8576225,356,AUTO
115,1665591746,34.1797683,71.8576232,356,AUTO
116,1665591747,34.1797914,71.8576239,356,AUTO
117,1665591747,34.1798145,71.8576245,356,AUTO
118,1665591748,34.1798372,71.8576251,355,AUTO
119,1665591748,34.1798609,71.8576256,355,AUTO
120,1665591748,34.1798725,71.8576259,355,AUTO
121,1665591749,34.1798955,71.8576261,355,AUTO
122,1665591749,34.1799183,71.8576263,355,AUTO
123,1665591750,34.1799413,71.8576265,355,AUTO
124,1665591750,34.1799644,71.8576268,355,AUTO
125,1665591751,34.1799882,71.8576272,354,AUTO
126,1665591751,34.1800112,71.8576277,355,AUTO
127,1665591752,34.1800343,71.857628,354,AUTO
128,1665591752,34.1800459,71.8576282,354,AUTO
129,1665591753,34.1800689,71.8576283,354,AUTO
130,1665591753,34.180092,71.8576285,354,AUTO
131,1665591754,34.1801159,71.8576288,354,AUTO
132,1665591754,34.1801389,71.857629,354,AUTO
133,1665591755,34.1801617,71.8576292,354,AUTO
134,1665591755,34.1801837,71.8576292,354,AUTO
135,1665591756,34.1802066,71.8576296,354,AUTO
136,1665591756,34.180218,71.8576298,354,AUTO
137,1665591757,34.180241,71.8576298,354,AUTO
138,1665591757,34.1802651,71.8576296,354,AUTO
139,1665591758,34.1802885,71.8576294,354,AUTO
140,1665591758,34.1803107,71.8576296,354,AUTO
141,1665591759,34.1803223,71.8576297,354,AUTO
142,1665591759,34.1803453,71.8576298,354,AUTO
143,1665591760,34.1803684,71.85763,354,AUTO
144,1665591760,34.1803922,71.85763,354,AUTO
145,1665591761,34.1804151,71.8576301,354,AUTO
146,1665591761,34.1804265,71.8576302,354,AUTO
147,1665591761,34.1804494,71.85763,354,AUTO
148,1665591762,34.1804724,71.8576303,354,AUTO
149,1665591762,34.1804953,71.8576305,354,AUTO
150,1665591763,34.1805193,71.8576308,354,AUTO
151,1665591764,34.1805417,71.8576314,354,AUTO
152,1665591764,34.1805647,71.8576317,353,AUTO
153,1665591764,34.1805762,71.8576316,354,AUTO
154,1665591765,34.1805993,71.8576315,354,AUTO
155,1665591765,34.1806224,71.8576315,354,AUTO
156,1665591766,34.1806461,71.8576313,354,AUTO
157,1665591766,34.1806574,71.8576314,354,AUTO
158,1665591767,34.1806808,71.8576315,354,AUTO
159,1665591767,34.1807038,71.8576317,354,AUTO
160,1665591768,34.1807269,71.8576318,355,AUTO
161,1665591769,34.1807724,71.8576321,354,AUTO
162,1665591769,34.1807848,71.8576321,354,AUTO
163,1665591770,34.1808083,71.8576322,354,AUTO
164,1665591770,34.1808313,71.8576323,354,AUTO
165,1665591770,34.1808429,71.8576324,355,AUTO
166,1665591771,34.1808661,71.8576325,355,AUTO
167,1665591771,34.1808891,71.8576326,355,AUTO
168,1665591772,34.1809128,71.8576326,354,AUTO
169,1665591772,34.1809359,71.8576328,355,AUTO
170,1665591773,34.1809473,71.857633,355,AUTO
171,1665591773,34.1809702,71.8576333,355,AUTO
172,1665591774,34.1809929,71.8576335,354,AUTO
173,1665591774,34.1810141,71.8576335,355,AUTO
174,1665591775,34.1810359,71.8576337,354,AUTO
175,1665591775,34.1810473,71.8576337,354,AUTO
176,1665591776,34.181072,71.857634,354,AUTO
177,1665591776,34.1810945,71.8576343,354,AUTO
178,1665591777,34.1811173,71.8576346,353,AUTO
179,1665591777,34.1811407,71.8576345,352,AUTO
180,1665591777,34.1811531,71.8576346,353,AUTO
181,1665591778,34.1811771,71.8576343,353,AUTO
182,1665591781,34.1813153,71.8576345,354,AUTO
183,1665591781,34.1813273,71.857635,353,AUTO
184,1665591782,34.1813498,71.8576357,353,AUTO
185,1665591782,34.1813726,71.8576361,353,AUTO
186,1665591783,34.1813956,71.8576363,352,AUTO
187,1665591783,34.1814079,71.8576364,353,AUTO
188,1665591784,34.1814543,71.8576367,352,AUTO
189,1665591785,34.1814761,71.8576369,352,AUTO
190,1665591785,34.1814989,71.8576371,353,AUTO
191,1665591786,34.1815225,71.8576378,353,AUTO
192,1665591786,34.1815339,71.8576381,353,AUTO
193,1665591787,34.1815557,71.8576385,352,AUTO
194,1665591787,34.1815786,71.8576388,352,AUTO
195,1665591788,34.1816023,71.8576388,353,AUTO
196,1665591788,34.181625,71.8576387,353,AUTO
197,1665591789,34.1816373,71.8576387,353,AUTO
198,1665591789,34.1816601,71.8576388,353,AUTO
